           8          10           9           6
          10          12           8          11
          36          38          37          34
          38          40          36          39
          77          75          79          78
         107         101         109         108
         130         124         132         131
         140         142         141         138
         142         144         140         143
         167         169         168         165
         169         171         167         170
         208         206         210         209
         238         232         240         239
         261         255         263         262
         271         273         272         269
         273         275         271         274
         298         300         299         296
         300         302         298         301
         339         337         341         340
         369         363         371         370
         392         386         394         393
         402         404         403         400
         404         406         402         405
         429         431         430         427
         431         433         429         432
         470         468         472         471
         500         494         502         501
         523         517         525         524
         533         535         534         531
         535         537         533         536
         560         562         561         558
         562         564         560         563
         601         599         603         602
         631         625         633         632
         654         648         656         655
         664         666         665         662
         666         668         664         667
         691         693         692         689
         693         695         691         694
         732         730         734         733
         762         756         764         763
         785         779         787         786
         795         797         796         793
         797         799         795         798
         822         824         823         820
         824         826         822         825
         863         861         865         864
         893         887         895         894
         916         910         918         917
         926         928         927         924
         928         930         926         929
         958         960         959         956
         960         962         958         961
         999         997        1001        1000
        1029        1023        1031        1030
        1052        1046        1054        1053
          49          47          63          50
          63          49          65          64
          71          65          73          72
          73          71          75          74
          86          83          88          87
          88          86          90          89
         110          90         112         111
         112         110         114         113
         120         114         122         121
         122         120         124         123
         180         178         194         181
         194         180         196         195
         202         196         204         203
         204         202         206         205
         217         214         219         218
         219         217         221         220
         241         221         243         242
         243         241         245         244
         251         245         253         252
         253         251         255         254
         311         309         325         312
         325         311         327         326
         333         327         335         334
         335         333         337         336
         348         345         350         349
         350         348         352         351
         372         352         374         373
         374         372         376         375
         382         376         384         383
         384         382         386         385
         442         440         456         443
         456         442         458         457
         464         458         466         465
         466         464         468         467
         479         476         481         480
         481         479         483         482
         503         483         505         504
         505         503         507         506
         513         507         515         514
         515         513         517         516
         573         571         587         574
         587         573         589         588
         595         589         597         596
         597         595         599         598
         610         607         612         611
         612         610         614         613
         634         614         636         635
         636         634         638         637
         644         638         646         645
         646         644         648         647
         704         702         718         705
         718         704         720         719
         726         720         728         727
         728         726         730         729
         741         738         743         742
         743         741         745         744
         765         745         767         766
         767         765         769         768
         775         769         777         776
         777         775         779         778
         835         833         849         836
         849         835         851         850
         857         851         859         858
         859         857         861         860
         872         869         874         873
         874         872         876         875
         896         876         898         897
         898         896         900         899
         906         900         908         907
         908         906         910         909
         971         969         985         972
         985         971         987         986
         993         987         995         994
         995         993         997         996
        1008        1005        1010        1009
        1010        1008        1012        1011
        1032        1012        1034        1033
        1034        1032        1036        1035
        1042        1036        1044        1043
        1044        1042        1046        1045
