           1           4
           1           9
           1          10
           1          17
           1          18
           1          20
           1          24
           1          31
           1          44
           1          56
           2           3
           2           7
           2           8
           2          16
           2          55
           3           6
           3          17
           3          18
           3          23
           3          28
           3          57
           4          16
           4          21
           4          22
           4          25
           4          26
           4          27
           5           7
           5           8
           5          16
           5          21
           5          22
           5          25
           5          26
           5          27
           5          55
           6          11
           6          12
           6          19
           6          21
           6          22
           6          55
           7           9
           7          10
           7          17
           7          18
           7          20
           7          57
           8          13
           8          14
           8          15
           8          17
           8          18
           8          20
           8          57
           9          11
           9          12
           9          16
          10          16
          11          13
          11          14
          11          15
          16          23
          16          24
          16          57
          17          19
          17          21
          17          22
          18          21
          18          22
          19          20
          20          25
          20          26
          20          27
          21          23
          21          24
          22          24
          25          28
          26          28
          29          32
          29          37
          29          38
          29          45
          29          46
          29          55
          29          58
          29         135
          29         148
          29         153
          30          31
          30          35
          30          36
          30          44
          30         152
          31          34
          31          45
          31          46
          31          62
          31         154
          32          44
          32          56
          32          57
          32          59
          32          60
          32          61
          33          35
          33          36
          33          44
          33          56
          33          57
          33          59
          33          60
          33          61
          33         152
          34          39
          34          40
          34          47
          34          56
          34          57
          34         152
          35          37
          35          38
          35          45
          35          46
          35          55
          35         154
          36          41
          36          42
          36          43
          36          45
          36          46
          36          55
          36         154
          37          39
          37          40
          37          44
          38          44
          39          41
          39          42
          39          43
          44          48
          44          49
          44          51
          44          58
          44         154
          45          47
          45          56
          45          57
          46          50
          46          52
          46          53
          46          54
          46          56
          46          57
          46          63
          47          55
          47          64
          47          65
          48          50
          48          52
          48          53
          48          54
          48          63
          49          52
          49          53
          49          54
          49          66
          49          67
          49          71
          50          51
          50          64
          50          65
          51          63
          55          59
          55          60
          55          61
          56          58
          57          58
          59          62
          60          62
          63          68
          63          69
          63          70
          63          72
          63          73
          64          66
          64          67
          64          71
          65          74
          65          75
          66          68
          66          69
          66          70
          66          72
          66          73
          67          72
          67          73
          68          71
          69          71
          70          71
          71          76
          71          77
          71          80
          72          74
          72          75
          73          78
          73          79
          73          81
          73          82
          73          83
          74          76
          74          77
          74          80
          75          84
          75          85
          75          86
          76          78
          76          79
          76          81
          76          82
          76          83
          77          81
          77          82
          77          83
          78          80
          79          80
          80          87
          80          88
          81          84
          81          85
          81          86
          82          84
          82          85
          82          86
          83          89
          83          90
          84          87
          84          88
          85          87
          85          88
          86          91
          86          92
          86         110
          87          89
          87          90
          88          93
          88          94
          88          95
          88         111
          88         112
          89          91
          89          92
          89         110
          90          96
          90          97
          90          98
          90         113
          90         114
          91          93
          91          94
          91          95
          91         111
          91         112
          92          99
          92         100
          92         101
          92         111
          92         112
          93          96
          93          97
          93          98
          93         110
          94          96
          94          97
          94          98
          94         110
          95         102
          95         103
          95         107
          95         110
          96          99
          96         100
          96         101
          97          99
          97         100
          97         101
          98         104
          98         105
          98         106
          98         108
          98         109
          99         102
          99         103
          99         107
         100         102
         100         103
         100         107
         102         104
         102         105
         102         106
         102         108
         102         109
         103         108
         103         109
         104         107
         105         107
         106         107
         110         115
         110         116
         110         120
         111         113
         111         114
         112         117
         112         118
         112         119
         112         121
         112         122
         113         115
         113         116
         113         120
         114         123
         114         124
         115         117
         115         118
         115         119
         115         121
         115         122
         116         121
         116         122
         117         120
         118         120
         119         120
         120         125
         120         126
         120         130
         121         123
         121         124
         122         127
         122         128
         122         129
         122         131
         122         132
         123         125
         123         126
         123         130
         125         127
         125         128
         125         129
         125         131
         125         132
         126         131
         126         132
         127         130
         128         130
         129         130
         133         136
         133         141
         133         142
         133         149
         133         150
         133         152
         133         155
         133         162
         133         175
         133         187
         134         135
         134         139
         134         140
         134         148
         134         186
         135         138
         135         149
         135         150
         135         159
         135         188
         136         148
         136         153
         136         154
         136         156
         136         157
         136         158
         137         139
         137         140
         137         148
         137         153
         137         154
         137         156
         137         157
         137         158
         137         186
         138         143
         138         144
         138         151
         138         153
         138         154
         138         186
         139         141
         139         142
         139         149
         139         150
         139         152
         139         188
         140         145
         140         146
         140         147
         140         149
         140         150
         140         152
         140         188
         141         143
         141         144
         141         148
         142         148
         143         145
         143         146
         143         147
         148         155
         148         188
         149         151
         149         153
         149         154
         150         153
         150         154
         151         152
         152         156
         152         157
         152         158
         153         155
         154         155
         156         159
         157         159
         160         163
         160         168
         160         169
         160         176
         160         177
         160         186
         160         189
         160         266
         160         279
         160         284
         161         162
         161         166
         161         167
         161         175
         161         283
         162         165
         162         176
         162         177
         162         193
         162         285
         163         175
         163         187
         163         188
         163         190
         163         191
         163         192
         164         166
         164         167
         164         175
         164         187
         164         188
         164         190
         164         191
         164         192
         164         283
         165         170
         165         171
         165         178
         165         187
         165         188
         165         283
         166         168
         166         169
         166         176
         166         177
         166         186
         166         285
         167         172
         167         173
         167         174
         167         176
         167         177
         167         186
         167         285
         168         170
         168         171
         168         175
         169         175
         170         172
         170         173
         170         174
         175         179
         175         180
         175         182
         175         189
         175         285
         176         178
         176         187
         176         188
         177         181
         177         183
         177         184
         177         185
         177         187
         177         188
         177         194
         178         186
         178         195
         178         196
         179         181
         179         183
         179         184
         179         185
         179         194
         180         183
         180         184
         180         185
         180         197
         180         198
         180         202
         181         182
         181         195
         181         196
         182         194
         186         190
         186         191
         186         192
         187         189
         188         189
         190         193
         191         193
         194         199
         194         200
         194         201
         194         203
         194         204
         195         197
         195         198
         195         202
         196         205
         196         206
         197         199
         197         200
         197         201
         197         203
         197         204
         198         203
         198         204
         199         202
         200         202
         201         202
         202         207
         202         208
         202         211
         203         205
         203         206
         204         209
         204         210
         204         212
         204         213
         204         214
         205         207
         205         208
         205         211
         206         215
         206         216
         206         217
         207         209
         207         210
         207         212
         207         213
         207         214
         208         212
         208         213
         208         214
         209         211
         210         211
         211         218
         211         219
         212         215
         212         216
         212         217
         213         215
         213         216
         213         217
         214         220
         214         221
         215         218
         215         219
         216         218
         216         219
         217         222
         217         223
         217         241
         218         220
         218         221
         219         224
         219         225
         219         226
         219         242
         219         243
         220         222
         220         223
         220         241
         221         227
         221         228
         221         229
         221         244
         221         245
         222         224
         222         225
         222         226
         222         242
         222         243
         223         230
         223         231
         223         232
         223         242
         223         243
         224         227
         224         228
         224         229
         224         241
         225         227
         225         228
         225         229
         225         241
         226         233
         226         234
         226         238
         226         241
         227         230
         227         231
         227         232
         228         230
         228         231
         228         232
         229         235
         229         236
         229         237
         229         239
         229         240
         230         233
         230         234
         230         238
         231         233
         231         234
         231         238
         233         235
         233         236
         233         237
         233         239
         233         240
         234         239
         234         240
         235         238
         236         238
         237         238
         241         246
         241         247
         241         251
         242         244
         242         245
         243         248
         243         249
         243         250
         243         252
         243         253
         244         246
         244         247
         244         251
         245         254
         245         255
         246         248
         246         249
         246         250
         246         252
         246         253
         247         252
         247         253
         248         251
         249         251
         250         251
         251         256
         251         257
         251         261
         252         254
         252         255
         253         258
         253         259
         253         260
         253         262
         253         263
         254         256
         254         257
         254         261
         256         258
         256         259
         256         260
         256         262
         256         263
         257         262
         257         263
         258         261
         259         261
         260         261
         264         267
         264         272
         264         273
         264         280
         264         281
         264         283
         264         286
         264         293
         264         306
         264         318
         265         266
         265         270
         265         271
         265         279
         265         317
         266         269
         266         280
         266         281
         266         290
         266         319
         267         279
         267         284
         267         285
         267         287
         267         288
         267         289
         268         270
         268         271
         268         279
         268         284
         268         285
         268         287
         268         288
         268         289
         268         317
         269         274
         269         275
         269         282
         269         284
         269         285
         269         317
         270         272
         270         273
         270         280
         270         281
         270         283
         270         319
         271         276
         271         277
         271         278
         271         280
         271         281
         271         283
         271         319
         272         274
         272         275
         272         279
         273         279
         274         276
         274         277
         274         278
         279         286
         279         319
         280         282
         280         284
         280         285
         281         284
         281         285
         282         283
         283         287
         283         288
         283         289
         284         286
         285         286
         287         290
         288         290
         291         294
         291         299
         291         300
         291         307
         291         308
         291         317
         291         320
         291         397
         291         410
         291         415
         292         293
         292         297
         292         298
         292         306
         292         414
         293         296
         293         307
         293         308
         293         324
         293         416
         294         306
         294         318
         294         319
         294         321
         294         322
         294         323
         295         297
         295         298
         295         306
         295         318
         295         319
         295         321
         295         322
         295         323
         295         414
         296         301
         296         302
         296         309
         296         318
         296         319
         296         414
         297         299
         297         300
         297         307
         297         308
         297         317
         297         416
         298         303
         298         304
         298         305
         298         307
         298         308
         298         317
         298         416
         299         301
         299         302
         299         306
         300         306
         301         303
         301         304
         301         305
         306         310
         306         311
         306         313
         306         320
         306         416
         307         309
         307         318
         307         319
         308         312
         308         314
         308         315
         308         316
         308         318
         308         319
         308         325
         309         317
         309         326
         309         327
         310         312
         310         314
         310         315
         310         316
         310         325
         311         314
         311         315
         311         316
         311         328
         311         329
         311         333
         312         313
         312         326
         312         327
         313         325
         317         321
         317         322
         317         323
         318         320
         319         320
         321         324
         322         324
         325         330
         325         331
         325         332
         325         334
         325         335
         326         328
         326         329
         326         333
         327         336
         327         337
         328         330
         328         331
         328         332
         328         334
         328         335
         329         334
         329         335
         330         333
         331         333
         332         333
         333         338
         333         339
         333         342
         334         336
         334         337
         335         340
         335         341
         335         343
         335         344
         335         345
         336         338
         336         339
         336         342
         337         346
         337         347
         337         348
         338         340
         338         341
         338         343
         338         344
         338         345
         339         343
         339         344
         339         345
         340         342
         341         342
         342         349
         342         350
         343         346
         343         347
         343         348
         344         346
         344         347
         344         348
         345         351
         345         352
         346         349
         346         350
         347         349
         347         350
         348         353
         348         354
         348         372
         349         351
         349         352
         350         355
         350         356
         350         357
         350         373
         350         374
         351         353
         351         354
         351         372
         352         358
         352         359
         352         360
         352         375
         352         376
         353         355
         353         356
         353         357
         353         373
         353         374
         354         361
         354         362
         354         363
         354         373
         354         374
         355         358
         355         359
         355         360
         355         372
         356         358
         356         359
         356         360
         356         372
         357         364
         357         365
         357         369
         357         372
         358         361
         358         362
         358         363
         359         361
         359         362
         359         363
         360         366
         360         367
         360         368
         360         370
         360         371
         361         364
         361         365
         361         369
         362         364
         362         365
         362         369
         364         366
         364         367
         364         368
         364         370
         364         371
         365         370
         365         371
         366         369
         367         369
         368         369
         372         377
         372         378
         372         382
         373         375
         373         376
         374         379
         374         380
         374         381
         374         383
         374         384
         375         377
         375         378
         375         382
         376         385
         376         386
         377         379
         377         380
         377         381
         377         383
         377         384
         378         383
         378         384
         379         382
         380         382
         381         382
         382         387
         382         388
         382         392
         383         385
         383         386
         384         389
         384         390
         384         391
         384         393
         384         394
         385         387
         385         388
         385         392
         387         389
         387         390
         387         391
         387         393
         387         394
         388         393
         388         394
         389         392
         390         392
         391         392
         395         398
         395         403
         395         404
         395         411
         395         412
         395         414
         395         417
         395         424
         395         437
         395         449
         396         397
         396         401
         396         402
         396         410
         396         448
         397         400
         397         411
         397         412
         397         421
         397         450
         398         410
         398         415
         398         416
         398         418
         398         419
         398         420
         399         401
         399         402
         399         410
         399         415
         399         416
         399         418
         399         419
         399         420
         399         448
         400         405
         400         406
         400         413
         400         415
         400         416
         400         448
         401         403
         401         404
         401         411
         401         412
         401         414
         401         450
         402         407
         402         408
         402         409
         402         411
         402         412
         402         414
         402         450
         403         405
         403         406
         403         410
         404         410
         405         407
         405         408
         405         409
         410         417
         410         450
         411         413
         411         415
         411         416
         412         415
         412         416
         413         414
         414         418
         414         419
         414         420
         415         417
         416         417
         418         421
         419         421
         422         425
         422         430
         422         431
         422         438
         422         439
         422         448
         422         451
         422         528
         422         541
         422         546
         423         424
         423         428
         423         429
         423         437
         423         545
         424         427
         424         438
         424         439
         424         455
         424         547
         425         437
         425         449
         425         450
         425         452
         425         453
         425         454
         426         428
         426         429
         426         437
         426         449
         426         450
         426         452
         426         453
         426         454
         426         545
         427         432
         427         433
         427         440
         427         449
         427         450
         427         545
         428         430
         428         431
         428         438
         428         439
         428         448
         428         547
         429         434
         429         435
         429         436
         429         438
         429         439
         429         448
         429         547
         430         432
         430         433
         430         437
         431         437
         432         434
         432         435
         432         436
         437         441
         437         442
         437         444
         437         451
         437         547
         438         440
         438         449
         438         450
         439         443
         439         445
         439         446
         439         447
         439         449
         439         450
         439         456
         440         448
         440         457
         440         458
         441         443
         441         445
         441         446
         441         447
         441         456
         442         445
         442         446
         442         447
         442         459
         442         460
         442         464
         443         444
         443         457
         443         458
         444         456
         448         452
         448         453
         448         454
         449         451
         450         451
         452         455
         453         455
         456         461
         456         462
         456         463
         456         465
         456         466
         457         459
         457         460
         457         464
         458         467
         458         468
         459         461
         459         462
         459         463
         459         465
         459         466
         460         465
         460         466
         461         464
         462         464
         463         464
         464         469
         464         470
         464         473
         465         467
         465         468
         466         471
         466         472
         466         474
         466         475
         466         476
         467         469
         467         470
         467         473
         468         477
         468         478
         468         479
         469         471
         469         472
         469         474
         469         475
         469         476
         470         474
         470         475
         470         476
         471         473
         472         473
         473         480
         473         481
         474         477
         474         478
         474         479
         475         477
         475         478
         475         479
         476         482
         476         483
         477         480
         477         481
         478         480
         478         481
         479         484
         479         485
         479         503
         480         482
         480         483
         481         486
         481         487
         481         488
         481         504
         481         505
         482         484
         482         485
         482         503
         483         489
         483         490
         483         491
         483         506
         483         507
         484         486
         484         487
         484         488
         484         504
         484         505
         485         492
         485         493
         485         494
         485         504
         485         505
         486         489
         486         490
         486         491
         486         503
         487         489
         487         490
         487         491
         487         503
         488         495
         488         496
         488         500
         488         503
         489         492
         489         493
         489         494
         490         492
         490         493
         490         494
         491         497
         491         498
         491         499
         491         501
         491         502
         492         495
         492         496
         492         500
         493         495
         493         496
         493         500
         495         497
         495         498
         495         499
         495         501
         495         502
         496         501
         496         502
         497         500
         498         500
         499         500
         503         508
         503         509
         503         513
         504         506
         504         507
         505         510
         505         511
         505         512
         505         514
         505         515
         506         508
         506         509
         506         513
         507         516
         507         517
         508         510
         508         511
         508         512
         508         514
         508         515
         509         514
         509         515
         510         513
         511         513
         512         513
         513         518
         513         519
         513         523
         514         516
         514         517
         515         520
         515         521
         515         522
         515         524
         515         525
         516         518
         516         519
         516         523
         518         520
         518         521
         518         522
         518         524
         518         525
         519         524
         519         525
         520         523
         521         523
         522         523
         526         529
         526         534
         526         535
         526         542
         526         543
         526         545
         526         548
         526         555
         526         568
         526         580
         527         528
         527         532
         527         533
         527         541
         527         579
         528         531
         528         542
         528         543
         528         552
         528         581
         529         541
         529         546
         529         547
         529         549
         529         550
         529         551
         530         532
         530         533
         530         541
         530         546
         530         547
         530         549
         530         550
         530         551
         530         579
         531         536
         531         537
         531         544
         531         546
         531         547
         531         579
         532         534
         532         535
         532         542
         532         543
         532         545
         532         581
         533         538
         533         539
         533         540
         533         542
         533         543
         533         545
         533         581
         534         536
         534         537
         534         541
         535         541
         536         538
         536         539
         536         540
         541         548
         541         581
         542         544
         542         546
         542         547
         543         546
         543         547
         544         545
         545         549
         545         550
         545         551
         546         548
         547         548
         549         552
         550         552
         553         556
         553         561
         553         562
         553         569
         553         570
         553         579
         553         582
         553         659
         553         672
         553         677
         554         555
         554         559
         554         560
         554         568
         554         676
         555         558
         555         569
         555         570
         555         586
         555         678
         556         568
         556         580
         556         581
         556         583
         556         584
         556         585
         557         559
         557         560
         557         568
         557         580
         557         581
         557         583
         557         584
         557         585
         557         676
         558         563
         558         564
         558         571
         558         580
         558         581
         558         676
         559         561
         559         562
         559         569
         559         570
         559         579
         559         678
         560         565
         560         566
         560         567
         560         569
         560         570
         560         579
         560         678
         561         563
         561         564
         561         568
         562         568
         563         565
         563         566
         563         567
         568         572
         568         573
         568         575
         568         582
         568         678
         569         571
         569         580
         569         581
         570         574
         570         576
         570         577
         570         578
         570         580
         570         581
         570         587
         571         579
         571         588
         571         589
         572         574
         572         576
         572         577
         572         578
         572         587
         573         576
         573         577
         573         578
         573         590
         573         591
         573         595
         574         575
         574         588
         574         589
         575         587
         579         583
         579         584
         579         585
         580         582
         581         582
         583         586
         584         586
         587         592
         587         593
         587         594
         587         596
         587         597
         588         590
         588         591
         588         595
         589         598
         589         599
         590         592
         590         593
         590         594
         590         596
         590         597
         591         596
         591         597
         592         595
         593         595
         594         595
         595         600
         595         601
         595         604
         596         598
         596         599
         597         602
         597         603
         597         605
         597         606
         597         607
         598         600
         598         601
         598         604
         599         608
         599         609
         599         610
         600         602
         600         603
         600         605
         600         606
         600         607
         601         605
         601         606
         601         607
         602         604
         603         604
         604         611
         604         612
         605         608
         605         609
         605         610
         606         608
         606         609
         606         610
         607         613
         607         614
         608         611
         608         612
         609         611
         609         612
         610         615
         610         616
         610         634
         611         613
         611         614
         612         617
         612         618
         612         619
         612         635
         612         636
         613         615
         613         616
         613         634
         614         620
         614         621
         614         622
         614         637
         614         638
         615         617
         615         618
         615         619
         615         635
         615         636
         616         623
         616         624
         616         625
         616         635
         616         636
         617         620
         617         621
         617         622
         617         634
         618         620
         618         621
         618         622
         618         634
         619         626
         619         627
         619         631
         619         634
         620         623
         620         624
         620         625
         621         623
         621         624
         621         625
         622         628
         622         629
         622         630
         622         632
         622         633
         623         626
         623         627
         623         631
         624         626
         624         627
         624         631
         626         628
         626         629
         626         630
         626         632
         626         633
         627         632
         627         633
         628         631
         629         631
         630         631
         634         639
         634         640
         634         644
         635         637
         635         638
         636         641
         636         642
         636         643
         636         645
         636         646
         637         639
         637         640
         637         644
         638         647
         638         648
         639         641
         639         642
         639         643
         639         645
         639         646
         640         645
         640         646
         641         644
         642         644
         643         644
         644         649
         644         650
         644         654
         645         647
         645         648
         646         651
         646         652
         646         653
         646         655
         646         656
         647         649
         647         650
         647         654
         649         651
         649         652
         649         653
         649         655
         649         656
         650         655
         650         656
         651         654
         652         654
         653         654
         657         660
         657         665
         657         666
         657         673
         657         674
         657         676
         657         679
         657         686
         657         699
         657         711
         658         659
         658         663
         658         664
         658         672
         658         710
         659         662
         659         673
         659         674
         659         683
         659         712
         660         672
         660         677
         660         678
         660         680
         660         681
         660         682
         661         663
         661         664
         661         672
         661         677
         661         678
         661         680
         661         681
         661         682
         661         710
         662         667
         662         668
         662         675
         662         677
         662         678
         662         710
         663         665
         663         666
         663         673
         663         674
         663         676
         663         712
         664         669
         664         670
         664         671
         664         673
         664         674
         664         676
         664         712
         665         667
         665         668
         665         672
         666         672
         667         669
         667         670
         667         671
         672         679
         672         712
         673         675
         673         677
         673         678
         674         677
         674         678
         675         676
         676         680
         676         681
         676         682
         677         679
         678         679
         680         683
         681         683
         684         687
         684         692
         684         693
         684         700
         684         701
         684         710
         684         713
         684         790
         684         803
         684         808
         685         686
         685         690
         685         691
         685         699
         685         807
         686         689
         686         700
         686         701
         686         717
         686         809
         687         699
         687         711
         687         712
         687         714
         687         715
         687         716
         688         690
         688         691
         688         699
         688         711
         688         712
         688         714
         688         715
         688         716
         688         807
         689         694
         689         695
         689         702
         689         711
         689         712
         689         807
         690         692
         690         693
         690         700
         690         701
         690         710
         690         809
         691         696
         691         697
         691         698
         691         700
         691         701
         691         710
         691         809
         692         694
         692         695
         692         699
         693         699
         694         696
         694         697
         694         698
         699         703
         699         704
         699         706
         699         713
         699         809
         700         702
         700         711
         700         712
         701         705
         701         707
         701         708
         701         709
         701         711
         701         712
         701         718
         702         710
         702         719
         702         720
         703         705
         703         707
         703         708
         703         709
         703         718
         704         707
         704         708
         704         709
         704         721
         704         722
         704         726
         705         706
         705         719
         705         720
         706         718
         710         714
         710         715
         710         716
         711         713
         712         713
         714         717
         715         717
         718         723
         718         724
         718         725
         718         727
         718         728
         719         721
         719         722
         719         726
         720         729
         720         730
         721         723
         721         724
         721         725
         721         727
         721         728
         722         727
         722         728
         723         726
         724         726
         725         726
         726         731
         726         732
         726         735
         727         729
         727         730
         728         733
         728         734
         728         736
         728         737
         728         738
         729         731
         729         732
         729         735
         730         739
         730         740
         730         741
         731         733
         731         734
         731         736
         731         737
         731         738
         732         736
         732         737
         732         738
         733         735
         734         735
         735         742
         735         743
         736         739
         736         740
         736         741
         737         739
         737         740
         737         741
         738         744
         738         745
         739         742
         739         743
         740         742
         740         743
         741         746
         741         747
         741         765
         742         744
         742         745
         743         748
         743         749
         743         750
         743         766
         743         767
         744         746
         744         747
         744         765
         745         751
         745         752
         745         753
         745         768
         745         769
         746         748
         746         749
         746         750
         746         766
         746         767
         747         754
         747         755
         747         756
         747         766
         747         767
         748         751
         748         752
         748         753
         748         765
         749         751
         749         752
         749         753
         749         765
         750         757
         750         758
         750         762
         750         765
         751         754
         751         755
         751         756
         752         754
         752         755
         752         756
         753         759
         753         760
         753         761
         753         763
         753         764
         754         757
         754         758
         754         762
         755         757
         755         758
         755         762
         757         759
         757         760
         757         761
         757         763
         757         764
         758         763
         758         764
         759         762
         760         762
         761         762
         765         770
         765         771
         765         775
         766         768
         766         769
         767         772
         767         773
         767         774
         767         776
         767         777
         768         770
         768         771
         768         775
         769         778
         769         779
         770         772
         770         773
         770         774
         770         776
         770         777
         771         776
         771         777
         772         775
         773         775
         774         775
         775         780
         775         781
         775         785
         776         778
         776         779
         777         782
         777         783
         777         784
         777         786
         777         787
         778         780
         778         781
         778         785
         780         782
         780         783
         780         784
         780         786
         780         787
         781         786
         781         787
         782         785
         783         785
         784         785
         788         791
         788         796
         788         797
         788         804
         788         805
         788         807
         788         810
         788         817
         788         830
         788         842
         789         790
         789         794
         789         795
         789         803
         789         841
         790         793
         790         804
         790         805
         790         814
         790         843
         791         803
         791         808
         791         809
         791         811
         791         812
         791         813
         792         794
         792         795
         792         803
         792         808
         792         809
         792         811
         792         812
         792         813
         792         841
         793         798
         793         799
         793         806
         793         808
         793         809
         793         841
         794         796
         794         797
         794         804
         794         805
         794         807
         794         843
         795         800
         795         801
         795         802
         795         804
         795         805
         795         807
         795         843
         796         798
         796         799
         796         803
         797         803
         798         800
         798         801
         798         802
         803         810
         803         843
         804         806
         804         808
         804         809
         805         808
         805         809
         806         807
         807         811
         807         812
         807         813
         808         810
         809         810
         811         814
         812         814
         815         818
         815         823
         815         824
         815         831
         815         832
         815         841
         815         844
         815         921
         815         934
         815         939
         816         817
         816         821
         816         822
         816         830
         816         938
         817         820
         817         831
         817         832
         817         848
         817         940
         818         830
         818         842
         818         843
         818         845
         818         846
         818         847
         819         821
         819         822
         819         830
         819         842
         819         843
         819         845
         819         846
         819         847
         819         938
         820         825
         820         826
         820         833
         820         842
         820         843
         820         938
         821         823
         821         824
         821         831
         821         832
         821         841
         821         940
         822         827
         822         828
         822         829
         822         831
         822         832
         822         841
         822         940
         823         825
         823         826
         823         830
         824         830
         825         827
         825         828
         825         829
         830         834
         830         835
         830         837
         830         844
         830         940
         831         833
         831         842
         831         843
         832         836
         832         838
         832         839
         832         840
         832         842
         832         843
         832         849
         833         841
         833         850
         833         851
         834         836
         834         838
         834         839
         834         840
         834         849
         835         838
         835         839
         835         840
         835         852
         835         853
         835         857
         836         837
         836         850
         836         851
         837         849
         841         845
         841         846
         841         847
         842         844
         843         844
         845         848
         846         848
         849         854
         849         855
         849         856
         849         858
         849         859
         850         852
         850         853
         850         857
         851         860
         851         861
         852         854
         852         855
         852         856
         852         858
         852         859
         853         858
         853         859
         854         857
         855         857
         856         857
         857         862
         857         863
         857         866
         858         860
         858         861
         859         864
         859         865
         859         867
         859         868
         859         869
         860         862
         860         863
         860         866
         861         870
         861         871
         861         872
         862         864
         862         865
         862         867
         862         868
         862         869
         863         867
         863         868
         863         869
         864         866
         865         866
         866         873
         866         874
         867         870
         867         871
         867         872
         868         870
         868         871
         868         872
         869         875
         869         876
         870         873
         870         874
         871         873
         871         874
         872         877
         872         878
         872         896
         873         875
         873         876
         874         879
         874         880
         874         881
         874         897
         874         898
         875         877
         875         878
         875         896
         876         882
         876         883
         876         884
         876         899
         876         900
         877         879
         877         880
         877         881
         877         897
         877         898
         878         885
         878         886
         878         887
         878         897
         878         898
         879         882
         879         883
         879         884
         879         896
         880         882
         880         883
         880         884
         880         896
         881         888
         881         889
         881         893
         881         896
         882         885
         882         886
         882         887
         883         885
         883         886
         883         887
         884         890
         884         891
         884         892
         884         894
         884         895
         885         888
         885         889
         885         893
         886         888
         886         889
         886         893
         888         890
         888         891
         888         892
         888         894
         888         895
         889         894
         889         895
         890         893
         891         893
         892         893
         896         901
         896         902
         896         906
         897         899
         897         900
         898         903
         898         904
         898         905
         898         907
         898         908
         899         901
         899         902
         899         906
         900         909
         900         910
         901         903
         901         904
         901         905
         901         907
         901         908
         902         907
         902         908
         903         906
         904         906
         905         906
         906         911
         906         912
         906         916
         907         909
         907         910
         908         913
         908         914
         908         915
         908         917
         908         918
         909         911
         909         912
         909         916
         911         913
         911         914
         911         915
         911         917
         911         918
         912         917
         912         918
         913         916
         914         916
         915         916
         919         922
         919         927
         919         928
         919         935
         919         936
         919         938
         919         941
         919         953
         919         966
         919         978
         920         921
         920         925
         920         926
         920         934
         920         977
         921         924
         921         935
         921         936
         921         945
         921         979
         922         934
         922         939
         922         940
         922         942
         922         943
         922         944
         923         925
         923         926
         923         934
         923         939
         923         940
         923         942
         923         943
         923         944
         923         977
         924         929
         924         930
         924         937
         924         939
         924         940
         924         977
         925         927
         925         928
         925         935
         925         936
         925         938
         925         979
         926         931
         926         932
         926         933
         926         935
         926         936
         926         938
         926         979
         927         929
         927         930
         927         934
         928         934
         929         931
         929         932
         929         933
         934         941
         934         979
         935         937
         935         939
         935         940
         936         939
         936         940
         937         938
         938         942
         938         943
         938         944
         939         941
         940         941
         942         945
         943         945
         946         950
         946         951
         946         952
         946         954
         946         959
         946         960
         946         967
         946         968
         946         977
         946         980
         947         949
         947         953
         947         957
         947         958
         947         966
         948         953
         948         957
         948         958
         948         966
         949         955
         949         956
         953         956
         953         967
         953         968
         953         984
         954         966
         954         978
         954         979
         954         981
         954         982
         954         983
         955         957
         955         958
         955         966
         955         978
         955         979
         955         981
         955         982
         955         983
         956         961
         956         962
         956         969
         956         978
         956         979
         957         959
         957         960
         957         967
         957         968
         957         977
         958         963
         958         964
         958         965
         958         967
         958         968
         958         977
         959         961
         959         962
         959         966
         960         966
         961         963
         961         964
         961         965
         966         970
         966         971
         966         973
         966         980
         967         969
         967         978
         967         979
         968         972
         968         974
         968         975
         968         976
         968         978
         968         979
         968         985
         969         977
         969         986
         969         987
         970         972
         970         974
         970         975
         970         976
         970         985
         971         974
         971         975
         971         976
         971         988
         971         989
         971         993
         972         973
         972         986
         972         987
         973         985
         977         981
         977         982
         977         983
         978         980
         979         980
         981         984
         982         984
         985         990
         985         991
         985         992
         985         994
         985         995
         986         988
         986         989
         986         993
         987         996
         987         997
         988         990
         988         991
         988         992
         988         994
         988         995
         989         994
         989         995
         990         993
         991         993
         992         993
         993         998
         993         999
         993        1002
         994         996
         994         997
         995        1000
         995        1001
         995        1003
         995        1004
         995        1005
         996         998
         996         999
         996        1002
         997        1006
         997        1007
         997        1008
         998        1000
         998        1001
         998        1003
         998        1004
         998        1005
         999        1003
         999        1004
         999        1005
        1000        1002
        1001        1002
        1002        1009
        1002        1010
        1003        1006
        1003        1007
        1003        1008
        1004        1006
        1004        1007
        1004        1008
        1005        1011
        1005        1012
        1006        1009
        1006        1010
        1007        1009
        1007        1010
        1008        1013
        1008        1014
        1008        1032
        1009        1011
        1009        1012
        1010        1015
        1010        1016
        1010        1017
        1010        1033
        1010        1034
        1011        1013
        1011        1014
        1011        1032
        1012        1018
        1012        1019
        1012        1020
        1012        1035
        1012        1036
        1013        1015
        1013        1016
        1013        1017
        1013        1033
        1013        1034
        1014        1021
        1014        1022
        1014        1023
        1014        1033
        1014        1034
        1015        1018
        1015        1019
        1015        1020
        1015        1032
        1016        1018
        1016        1019
        1016        1020
        1016        1032
        1017        1024
        1017        1025
        1017        1029
        1017        1032
        1018        1021
        1018        1022
        1018        1023
        1019        1021
        1019        1022
        1019        1023
        1020        1026
        1020        1027
        1020        1028
        1020        1030
        1020        1031
        1021        1024
        1021        1025
        1021        1029
        1022        1024
        1022        1025
        1022        1029
        1024        1026
        1024        1027
        1024        1028
        1024        1030
        1024        1031
        1025        1030
        1025        1031
        1026        1029
        1027        1029
        1028        1029
        1032        1037
        1032        1038
        1032        1042
        1033        1035
        1033        1036
        1034        1039
        1034        1040
        1034        1041
        1034        1043
        1034        1044
        1035        1037
        1035        1038
        1035        1042
        1036        1045
        1036        1046
        1037        1039
        1037        1040
        1037        1041
        1037        1043
        1037        1044
        1038        1043
        1038        1044
        1039        1042
        1040        1042
        1041        1042
        1042        1047
        1042        1048
        1042        1052
        1043        1045
        1043        1046
        1044        1049
        1044        1050
        1044        1051
        1044        1053
        1044        1054
        1045        1047
        1045        1048
        1045        1052
        1047        1049
        1047        1050
        1047        1051
        1047        1053
        1047        1054
        1048        1053
        1048        1054
        1049        1052
        1050        1052
        1051        1052
