           1           2
           1           5
           1           6
           1          57
           3           4
           3           5
           3          20
           3          24
           6           7
           6           8
           6          16
           8           9
           8          10
          10          11
          10          12
          12          13
          12          14
          12          15
          16          17
          16          18
          16          20
          18          19
          20          21
          20          22
          22          23
          24          25
          24          26
          24          27
          27          28
          29          30
          29          33
          29          34
          29         154
          31          32
          31          33
          31          55
          31          58
          34          35
          34          36
          34          44
          36          37
          36          38
          38          39
          38          40
          40          41
          40          42
          40          43
          44          45
          44          46
          44          55
          46          47
          47          48
          47          49
          47          51
          49          50
          49          63
          51          52
          51          53
          51          54
          55          56
          55          57
          58          59
          58          60
          58          61
          61          62
          63          64
          63          65
          65          66
          65          67
          65          71
          67          68
          67          69
          67          70
          71          72
          71          73
          73          74
          73          75
          75          76
          75          77
          75          80
          77          78
          77          79
          80          81
          80          82
          80          83
          83          84
          83          85
          83          86
          86          87
          86          88
          88          89
          88          90
          90          91
          90          92
          90         110
          92          93
          92          94
          92          95
          95          96
          95          97
          95          98
          98          99
          98         100
          98         101
         101         102
         101         103
         101         107
         103         104
         103         105
         103         106
         107         108
         107         109
         110         111
         110         112
         112         113
         112         114
         114         115
         114         116
         114         120
         116         117
         116         118
         116         119
         120         121
         120         122
         122         123
         122         124
         124         125
         124         126
         124         130
         126         127
         126         128
         126         129
         130         131
         130         132
         133         134
         133         137
         133         138
         133         188
         135         136
         135         137
         135         152
         135         155
         138         139
         138         140
         138         148
         140         141
         140         142
         142         143
         142         144
         144         145
         144         146
         144         147
         148         149
         148         150
         148         152
         150         151
         152         153
         152         154
         155         156
         155         157
         155         158
         158         159
         160         161
         160         164
         160         165
         160         285
         162         163
         162         164
         162         186
         162         189
         165         166
         165         167
         165         175
         167         168
         167         169
         169         170
         169         171
         171         172
         171         173
         171         174
         175         176
         175         177
         175         186
         177         178
         178         179
         178         180
         178         182
         180         181
         180         194
         182         183
         182         184
         182         185
         186         187
         186         188
         189         190
         189         191
         189         192
         192         193
         194         195
         194         196
         196         197
         196         198
         196         202
         198         199
         198         200
         198         201
         202         203
         202         204
         204         205
         204         206
         206         207
         206         208
         206         211
         208         209
         208         210
         211         212
         211         213
         211         214
         214         215
         214         216
         214         217
         217         218
         217         219
         219         220
         219         221
         221         222
         221         223
         221         241
         223         224
         223         225
         223         226
         226         227
         226         228
         226         229
         229         230
         229         231
         229         232
         232         233
         232         234
         232         238
         234         235
         234         236
         234         237
         238         239
         238         240
         241         242
         241         243
         243         244
         243         245
         245         246
         245         247
         245         251
         247         248
         247         249
         247         250
         251         252
         251         253
         253         254
         253         255
         255         256
         255         257
         255         261
         257         258
         257         259
         257         260
         261         262
         261         263
         264         265
         264         268
         264         269
         264         319
         266         267
         266         268
         266         283
         266         286
         269         270
         269         271
         269         279
         271         272
         271         273
         273         274
         273         275
         275         276
         275         277
         275         278
         279         280
         279         281
         279         283
         281         282
         283         284
         283         285
         286         287
         286         288
         286         289
         289         290
         291         292
         291         295
         291         296
         291         416
         293         294
         293         295
         293         317
         293         320
         296         297
         296         298
         296         306
         298         299
         298         300
         300         301
         300         302
         302         303
         302         304
         302         305
         306         307
         306         308
         306         317
         308         309
         309         310
         309         311
         309         313
         311         312
         311         325
         313         314
         313         315
         313         316
         317         318
         317         319
         320         321
         320         322
         320         323
         323         324
         325         326
         325         327
         327         328
         327         329
         327         333
         329         330
         329         331
         329         332
         333         334
         333         335
         335         336
         335         337
         337         338
         337         339
         337         342
         339         340
         339         341
         342         343
         342         344
         342         345
         345         346
         345         347
         345         348
         348         349
         348         350
         350         351
         350         352
         352         353
         352         354
         352         372
         354         355
         354         356
         354         357
         357         358
         357         359
         357         360
         360         361
         360         362
         360         363
         363         364
         363         365
         363         369
         365         366
         365         367
         365         368
         369         370
         369         371
         372         373
         372         374
         374         375
         374         376
         376         377
         376         378
         376         382
         378         379
         378         380
         378         381
         382         383
         382         384
         384         385
         384         386
         386         387
         386         388
         386         392
         388         389
         388         390
         388         391
         392         393
         392         394
         395         396
         395         399
         395         400
         395         450
         397         398
         397         399
         397         414
         397         417
         400         401
         400         402
         400         410
         402         403
         402         404
         404         405
         404         406
         406         407
         406         408
         406         409
         410         411
         410         412
         410         414
         412         413
         414         415
         414         416
         417         418
         417         419
         417         420
         420         421
         422         423
         422         426
         422         427
         422         547
         424         425
         424         426
         424         448
         424         451
         427         428
         427         429
         427         437
         429         430
         429         431
         431         432
         431         433
         433         434
         433         435
         433         436
         437         438
         437         439
         437         448
         439         440
         440         441
         440         442
         440         444
         442         443
         442         456
         444         445
         444         446
         444         447
         448         449
         448         450
         451         452
         451         453
         451         454
         454         455
         456         457
         456         458
         458         459
         458         460
         458         464
         460         461
         460         462
         460         463
         464         465
         464         466
         466         467
         466         468
         468         469
         468         470
         468         473
         470         471
         470         472
         473         474
         473         475
         473         476
         476         477
         476         478
         476         479
         479         480
         479         481
         481         482
         481         483
         483         484
         483         485
         483         503
         485         486
         485         487
         485         488
         488         489
         488         490
         488         491
         491         492
         491         493
         491         494
         494         495
         494         496
         494         500
         496         497
         496         498
         496         499
         500         501
         500         502
         503         504
         503         505
         505         506
         505         507
         507         508
         507         509
         507         513
         509         510
         509         511
         509         512
         513         514
         513         515
         515         516
         515         517
         517         518
         517         519
         517         523
         519         520
         519         521
         519         522
         523         524
         523         525
         526         527
         526         530
         526         531
         526         581
         528         529
         528         530
         528         545
         528         548
         531         532
         531         533
         531         541
         533         534
         533         535
         535         536
         535         537
         537         538
         537         539
         537         540
         541         542
         541         543
         541         545
         543         544
         545         546
         545         547
         548         549
         548         550
         548         551
         551         552
         553         554
         553         557
         553         558
         553         678
         555         556
         555         557
         555         579
         555         582
         558         559
         558         560
         558         568
         560         561
         560         562
         562         563
         562         564
         564         565
         564         566
         564         567
         568         569
         568         570
         568         579
         570         571
         571         572
         571         573
         571         575
         573         574
         573         587
         575         576
         575         577
         575         578
         579         580
         579         581
         582         583
         582         584
         582         585
         585         586
         587         588
         587         589
         589         590
         589         591
         589         595
         591         592
         591         593
         591         594
         595         596
         595         597
         597         598
         597         599
         599         600
         599         601
         599         604
         601         602
         601         603
         604         605
         604         606
         604         607
         607         608
         607         609
         607         610
         610         611
         610         612
         612         613
         612         614
         614         615
         614         616
         614         634
         616         617
         616         618
         616         619
         619         620
         619         621
         619         622
         622         623
         622         624
         622         625
         625         626
         625         627
         625         631
         627         628
         627         629
         627         630
         631         632
         631         633
         634         635
         634         636
         636         637
         636         638
         638         639
         638         640
         638         644
         640         641
         640         642
         640         643
         644         645
         644         646
         646         647
         646         648
         648         649
         648         650
         648         654
         650         651
         650         652
         650         653
         654         655
         654         656
         657         658
         657         661
         657         662
         657         712
         659         660
         659         661
         659         676
         659         679
         662         663
         662         664
         662         672
         664         665
         664         666
         666         667
         666         668
         668         669
         668         670
         668         671
         672         673
         672         674
         672         676
         674         675
         676         677
         676         678
         679         680
         679         681
         679         682
         682         683
         684         685
         684         688
         684         689
         684         809
         686         687
         686         688
         686         710
         686         713
         689         690
         689         691
         689         699
         691         692
         691         693
         693         694
         693         695
         695         696
         695         697
         695         698
         699         700
         699         701
         699         710
         701         702
         702         703
         702         704
         702         706
         704         705
         704         718
         706         707
         706         708
         706         709
         710         711
         710         712
         713         714
         713         715
         713         716
         716         717
         718         719
         718         720
         720         721
         720         722
         720         726
         722         723
         722         724
         722         725
         726         727
         726         728
         728         729
         728         730
         730         731
         730         732
         730         735
         732         733
         732         734
         735         736
         735         737
         735         738
         738         739
         738         740
         738         741
         741         742
         741         743
         743         744
         743         745
         745         746
         745         747
         745         765
         747         748
         747         749
         747         750
         750         751
         750         752
         750         753
         753         754
         753         755
         753         756
         756         757
         756         758
         756         762
         758         759
         758         760
         758         761
         762         763
         762         764
         765         766
         765         767
         767         768
         767         769
         769         770
         769         771
         769         775
         771         772
         771         773
         771         774
         775         776
         775         777
         777         778
         777         779
         779         780
         779         781
         779         785
         781         782
         781         783
         781         784
         785         786
         785         787
         788         789
         788         792
         788         793
         788         843
         790         791
         790         792
         790         807
         790         810
         793         794
         793         795
         793         803
         795         796
         795         797
         797         798
         797         799
         799         800
         799         801
         799         802
         803         804
         803         805
         803         807
         805         806
         807         808
         807         809
         810         811
         810         812
         810         813
         813         814
         815         816
         815         819
         815         820
         815         940
         817         818
         817         819
         817         841
         817         844
         820         821
         820         822
         820         830
         822         823
         822         824
         824         825
         824         826
         826         827
         826         828
         826         829
         830         831
         830         832
         830         841
         832         833
         833         834
         833         835
         833         837
         835         836
         835         849
         837         838
         837         839
         837         840
         841         842
         841         843
         844         845
         844         846
         844         847
         847         848
         849         850
         849         851
         851         852
         851         853
         851         857
         853         854
         853         855
         853         856
         857         858
         857         859
         859         860
         859         861
         861         862
         861         863
         861         866
         863         864
         863         865
         866         867
         866         868
         866         869
         869         870
         869         871
         869         872
         872         873
         872         874
         874         875
         874         876
         876         877
         876         878
         876         896
         878         879
         878         880
         878         881
         881         882
         881         883
         881         884
         884         885
         884         886
         884         887
         887         888
         887         889
         887         893
         889         890
         889         891
         889         892
         893         894
         893         895
         896         897
         896         898
         898         899
         898         900
         900         901
         900         902
         900         906
         902         903
         902         904
         902         905
         906         907
         906         908
         908         909
         908         910
         910         911
         910         912
         910         916
         912         913
         912         914
         912         915
         916         917
         916         918
         919         920
         919         923
         919         924
         919         979
         921         922
         921         923
         921         938
         921         941
         924         925
         924         926
         924         934
         926         927
         926         928
         928         929
         928         930
         930         931
         930         932
         930         933
         934         935
         934         936
         934         938
         936         937
         938         939
         938         940
         941         942
         941         943
         941         944
         944         945
         946         947
         946         948
         946         955
         946         956
         948         949
         949         950
         949         951
         949         952
         953         954
         953         955
         953         977
         953         980
         956         957
         956         958
         956         966
         958         959
         958         960
         960         961
         960         962
         962         963
         962         964
         962         965
         966         967
         966         968
         966         977
         968         969
         969         970
         969         971
         969         973
         971         972
         971         985
         973         974
         973         975
         973         976
         977         978
         977         979
         980         981
         980         982
         980         983
         983         984
         985         986
         985         987
         987         988
         987         989
         987         993
         989         990
         989         991
         989         992
         993         994
         993         995
         995         996
         995         997
         997         998
         997         999
         997        1002
         999        1000
         999        1001
        1002        1003
        1002        1004
        1002        1005
        1005        1006
        1005        1007
        1005        1008
        1008        1009
        1008        1010
        1010        1011
        1010        1012
        1012        1013
        1012        1014
        1012        1032
        1014        1015
        1014        1016
        1014        1017
        1017        1018
        1017        1019
        1017        1020
        1020        1021
        1020        1022
        1020        1023
        1023        1024
        1023        1025
        1023        1029
        1025        1026
        1025        1027
        1025        1028
        1029        1030
        1029        1031
        1032        1033
        1032        1034
        1034        1035
        1034        1036
        1036        1037
        1036        1038
        1036        1042
        1038        1039
        1038        1040
        1038        1041
        1042        1043
        1042        1044
        1044        1045
        1044        1046
        1046        1047
        1046        1048
        1046        1052
        1048        1049
        1048        1050
        1048        1051
        1052        1053
        1052        1054
